0 0.853082 0.942514 0.107055 0.108250
0 0.273965 0.839493 0.085648 0.135764
0 0.507133 0.464465 0.040359 0.037986
0 0.423809 0.421687 0.037070 0.034153
0 0.985582 0.636264 0.028383 0.087583
0 0.830715 0.612056 0.071617 0.062139
0 0.567184 0.446042 0.040211 0.034889
0 0.561105 0.490222 0.041852 0.039333
0 0.597223 0.642819 0.068367 0.087139
0 0.433109 0.899875 0.103781 0.200250
0 0.382117 0.627847 0.050766 0.078194
0 0.333320 0.427306 0.028828 0.024000
0 0.238359 0.522222 0.038594 0.065278
0 0.663516 0.518813 0.052969 0.051236
0 0.860414 0.700826 0.108172 0.088069
0 0.341102 0.410375 0.026172 0.018611
0 0.344020 0.493625 0.038586 0.044583
0 0.294480 0.466396 0.039633 0.046347
0 0.189727 0.470056 0.017891 0.048694
0 0.186887 0.395549 0.022695 0.021153
0 0.179090 0.416792 0.017133 0.022500
0 0.193656 0.443861 0.021391 0.028528
0 0.233648 0.400979 0.022156 0.019208
0 0.251129 0.404354 0.026414 0.030208
0 0.632582 0.561507 0.051727 0.050625
0 0.308398 0.530403 0.041797 0.070528
