0 0.920125 0.651618 0.100234 0.102764
0 0.541910 0.454111 0.046320 0.046806
0 0.531309 0.585792 0.053836 0.062556
0 0.198078 0.449049 0.023641 0.031486
0 0.249406 0.447597 0.031531 0.030750
0 0.257746 0.480986 0.034086 0.043667
0 0.295977 0.417937 0.029484 0.028931
0 0.379301 0.478819 0.039852 0.038444
0 0.374762 0.520042 0.041570 0.051194
0 0.869828 0.931986 0.140813 0.136028
0 0.345746 0.421333 0.032102 0.027056
0 0.331801 0.482229 0.038742 0.042514
0 0.370012 0.590278 0.047945 0.068333
0 0.418047 0.432340 0.037500 0.034125
0 0.543250 0.503507 0.048219 0.047292
0 0.220094 0.920924 0.148953 0.158153
0 0.663828 0.967500 0.109594 0.065000
0 0.597602 0.826569 0.094047 0.139778
0 0.498109 0.628722 0.066484 0.102194
0 0.766156 0.642278 0.077375 0.085111
0 0.703902 0.503556 0.056852 0.056694
0 0.628617 0.510549 0.052250 0.047597
0 0.650879 0.573160 0.051320 0.038792
0 0.467348 0.438743 0.040352 0.050375
0 0.308668 0.521285 0.039961 0.057486
0 0.657918 0.699174 0.088586 0.113542
0 0.401004 0.677424 0.060992 0.114903
0 0.443539 0.502944 0.049437 0.066778
