0 0.260574 0.453187 0.033727 0.032736
0 0.261867 0.482417 0.036094 0.048278
0 0.288691 0.438937 0.037602 0.041375
0 0.264125 0.410222 0.023203 0.029444
0 0.737738 0.492535 0.051555 0.051847
0 0.748547 0.577972 0.070609 0.064361
0 0.544289 0.733528 0.073797 0.110306
0 0.897281 0.460250 0.070922 0.064389
0 0.251699 0.551090 0.041086 0.049458
0 0.322051 0.417250 0.041477 0.034167
0 0.331582 0.487500 0.038086 0.046111
0 0.912578 0.592500 0.083594 0.056111
0 0.293359 0.506646 0.039375 0.062097
0 0.328625 0.541375 0.039781 0.062972
0 0.508844 0.563125 0.054641 0.060972
0 0.299844 0.595833 0.043750 0.079444
0 0.293945 0.778486 0.077109 0.150000
0 0.399930 0.416694 0.033672 0.032361
0 0.371086 0.474375 0.037375 0.040722
0 0.431250 0.509396 0.046469 0.063403
0 0.430273 0.569944 0.034844 0.065417
0 0.391469 0.636076 0.087750 0.195958
0 0.919113 0.547521 0.067086 0.044597
0 0.733430 0.801417 0.114438 0.181667
