0 0.546004 0.584333 0.067758 0.097833
0 0.498402 0.482062 0.047367 0.043597
0 0.535547 0.437264 0.036984 0.031111
0 0.443809 0.464083 0.036883 0.034083
0 0.472047 0.426549 0.043484 0.042847
0 0.676910 0.580743 0.062211 0.066819
0 0.929129 0.608486 0.083602 0.075306
0 0.610254 0.474090 0.050336 0.051625
0 0.340547 0.492118 0.036984 0.049181
0 0.447281 0.573403 0.053781 0.065833
0 0.979398 0.580125 0.041125 0.071694
0 0.589484 0.530542 0.052719 0.047472
0 0.397148 0.659097 0.071953 0.135694
0 0.936516 0.692208 0.085641 0.076556
0 0.663152 0.476292 0.043758 0.030861
0 0.386512 0.431854 0.041961 0.054764
0 0.345367 0.466882 0.036359 0.030736
0 0.329391 0.548097 0.042750 0.057194
0 0.284750 0.632111 0.049875 0.071722
0 0.811191 0.676153 0.085023 0.082917
0 0.284086 0.780736 0.081203 0.172306
0 0.881926 0.962799 0.130211 0.074403
0 0.213379 0.439792 0.033352 0.031639
0 0.263047 0.449076 0.038453 0.038819
0 0.240023 0.465528 0.035844 0.043028
0 0.200918 0.478396 0.034773 0.050625
0 0.682719 0.721694 0.086203 0.128083
0 0.522504 0.693181 0.066523 0.116250
0 0.236879 0.523354 0.036195 0.049764
0 0.274953 0.591597 0.040125 0.059611
0 0.675504 0.963236 0.110289 0.073528
