0 0.768801 0.570278 0.067367 0.072222
0 0.595164 0.461375 0.035547 0.041222
0 0.458355 0.950951 0.122961 0.098097
0 0.556984 0.462431 0.055094 0.052639
0 0.760109 0.409319 0.031812 0.050444
0 0.965617 0.707667 0.064375 0.065278
0 0.326355 0.416861 0.034852 0.035861
0 0.497332 0.481389 0.042758 0.038750
0 0.686523 0.742688 0.090188 0.116347
0 0.271941 0.832722 0.080508 0.161889
0 0.275813 0.707993 0.062688 0.101264
0 0.608117 0.889674 0.110719 0.182292
0 0.814422 0.519597 0.059906 0.057917
0 0.772852 0.652861 0.078312 0.090583
0 0.635223 0.557438 0.058961 0.051931
0 0.377828 0.617771 0.055891 0.097764
0 0.477820 0.615104 0.061750 0.090819
0 0.237508 0.533431 0.036172 0.045694
0 0.272898 0.492389 0.034141 0.038611
0 0.306492 0.470583 0.038828 0.038611
0 0.234625 0.409875 0.031562 0.025694
0 0.264313 0.410639 0.026406 0.024722
0 0.396824 0.447139 0.033633 0.029139
0 0.426242 0.437604 0.039813 0.039653
