0 0.650078 0.516167 0.054219 0.051833
0 0.267316 0.540556 0.040164 0.060833
0 0.242227 0.466965 0.035234 0.049708
0 0.394305 0.691736 0.062984 0.097639
0 0.743156 0.559569 0.059437 0.054778
0 0.773461 0.541194 0.056297 0.048778
0 0.733398 0.621042 0.071641 0.065417
0 0.206727 0.485347 0.031703 0.055417
0 0.288441 0.501542 0.039539 0.042528
0 0.560852 0.511007 0.048672 0.046736
0 0.452219 0.957368 0.119391 0.085264
0 0.662211 0.497306 0.050125 0.039111
0 0.428426 0.503590 0.043398 0.051347
0 0.366711 0.509368 0.044000 0.057847
0 0.196367 0.437625 0.021094 0.027778
0 0.221719 0.425611 0.031328 0.028750
0 0.347594 0.429694 0.033625 0.032333
0 0.438863 0.442882 0.033398 0.028792
0 0.507230 0.446396 0.117977 0.130569
0 0.866848 0.720812 0.096039 0.097514
0 0.620637 0.550562 0.052273 0.055542
0 0.502387 0.554028 0.049195 0.056472
