0 0.289961 0.596319 0.080234 0.167639
0 0.351445 0.471250 0.043828 0.068056
0 0.440617 0.583139 0.052109 0.069833
0 0.490309 0.462472 0.040930 0.040222
0 0.532348 0.678882 0.070008 0.113625
0 0.254203 0.457722 0.030938 0.035694
0 0.286070 0.405389 0.028281 0.026389
0 0.325887 0.418812 0.028539 0.030431
0 0.376066 0.425833 0.034305 0.028667
0 0.364266 0.436361 0.036359 0.038028
0 0.430797 0.424965 0.033063 0.033653
0 0.514906 0.438174 0.046109 0.042847
0 0.834184 0.554667 0.081992 0.078194
0 0.972539 0.710722 0.054922 0.122194
0 0.595125 0.528715 0.048922 0.060597
0 0.839027 0.618604 0.091758 0.080875
0 0.499820 0.556868 0.065250 0.073042
0 0.626020 0.499549 0.052102 0.053181
0 0.447813 0.457743 0.046500 0.048264
0 0.722699 0.548438 0.064523 0.070153
0 0.249555 0.519778 0.046359 0.079056
0 0.243539 0.431611 0.036641 0.030139
0 0.341172 0.542569 0.042188 0.060972
