0 0.700043 0.537701 0.057023 0.058625
0 0.543195 0.584410 0.056172 0.076069
0 0.839258 0.615944 0.075234 0.069472
0 0.262273 0.901354 0.121719 0.197292
0 0.550926 0.472118 0.048461 0.055625
0 0.624008 0.678556 0.076609 0.099556
0 0.230336 0.469153 0.032766 0.034472
0 0.327656 0.538333 0.039219 0.063333
0 0.269922 0.437354 0.031781 0.027736
0 0.237352 0.442194 0.035359 0.029778
0 0.274355 0.463181 0.034930 0.034611
0 0.516574 0.434812 0.044086 0.039958
0 0.463246 0.453264 0.036789 0.034111
0 0.403699 0.449062 0.033070 0.032819
0 0.323816 0.446139 0.038789 0.046833
0 0.990824 0.642319 0.018023 0.057972
0 0.438078 0.582187 0.048578 0.062819
0 0.292566 0.503799 0.040148 0.049764
0 0.778332 0.642958 0.087617 0.117111
0 0.616543 0.497646 0.051570 0.059653
0 0.736105 0.518403 0.052773 0.050639
0 0.461398 0.521243 0.050875 0.065986
0 0.284652 0.627667 0.061164 0.107722
0 0.661375 0.470438 0.047391 0.041986
0 0.474762 0.632667 0.056883 0.081889
0 0.558805 0.449826 0.036359 0.033847
0 0.385031 0.484104 0.038750 0.035681
0 0.378719 0.513944 0.044562 0.059917
0 0.369270 0.440153 0.024914 0.031306
