0 0.700340 0.598917 0.066695 0.071306
0 0.312535 0.423410 0.027117 0.024875
0 0.361957 0.435556 0.032023 0.033333
0 0.248715 0.917222 0.102258 0.165556
0 0.266367 0.585931 0.045703 0.074250
0 0.521508 0.658604 0.071312 0.120014
0 0.283848 0.688889 0.062539 0.118611
0 0.409402 0.675194 0.059086 0.113833
0 0.340656 0.542938 0.051359 0.061986
0 0.850840 0.694007 0.089523 0.083181
0 0.715336 0.513646 0.055375 0.059792
0 0.456187 0.604014 0.051344 0.077194
0 0.774734 0.870417 0.118641 0.148306
0 0.576258 0.483083 0.050875 0.052889
0 0.877773 0.645674 0.082687 0.071264
0 0.421168 0.544111 0.053867 0.070056
0 0.493746 0.554757 0.048883 0.053208
0 0.681402 0.961035 0.135930 0.077931
0 0.591953 0.462917 0.041562 0.038556
0 0.444426 0.462917 0.037164 0.035861
0 0.457551 0.445271 0.030336 0.032875
0 0.485691 0.434479 0.038383 0.041569
0 0.308434 0.403778 0.029930 0.025278
0 0.371359 0.409785 0.031922 0.026403
0 0.228578 0.452333 0.037281 0.039028
0 0.263563 0.483285 0.036234 0.042181
0 0.236477 0.521049 0.035875 0.054764
