0 0.245195 0.468882 0.037844 0.045958
0 0.835090 0.689382 0.090305 0.084542
0 0.559059 0.775174 0.082117 0.124764
0 0.765852 0.602361 0.068687 0.075500
0 0.825617 0.553174 0.072453 0.071042
0 0.971219 0.720799 0.057563 0.088292
0 0.322848 0.420097 0.028680 0.026444
0 0.303125 0.405139 0.028766 0.026278
0 0.271645 0.408382 0.028320 0.023903
0 0.204805 0.394292 0.034469 0.025167
0 0.262273 0.544840 0.041172 0.059153
0 0.226746 0.931854 0.109492 0.136292
0 0.434777 0.949250 0.121867 0.101500
0 0.621359 0.454076 0.044141 0.025986
0 0.632922 0.476368 0.045547 0.035542
0 0.484836 0.456458 0.031734 0.025417
0 0.555629 0.459889 0.035242 0.040889
0 0.281719 0.654444 0.056719 0.100833
0 0.323398 0.527014 0.045547 0.075972
0 0.347617 0.438153 0.029609 0.019639
0 0.614211 0.504701 0.049063 0.052486
0 0.383098 0.485896 0.040602 0.042319
0 0.314070 0.476139 0.041125 0.040194
0 0.391004 0.429931 0.032320 0.027917
0 0.460746 0.469701 0.038508 0.033375
0 0.502848 0.649896 0.069930 0.107847
