0 0.332496 0.538736 0.043039 0.058861
0 0.802449 0.509375 0.066977 0.052639
0 0.258230 0.550486 0.040570 0.070972
0 0.962680 0.603618 0.074641 0.069153
0 0.650875 0.443750 0.122312 0.091944
0 0.343516 0.432660 0.026781 0.028681
0 0.625156 0.875549 0.115906 0.174208
0 0.472109 0.972896 0.108000 0.054208
0 0.256633 0.948076 0.116437 0.103847
0 0.371707 0.511507 0.041320 0.049042
0 0.319965 0.480326 0.037445 0.036403
0 0.386699 0.429257 0.030336 0.030125
0 0.506977 0.428938 0.101234 0.086931
0 0.565293 0.478840 0.051898 0.052153
0 0.682031 0.497563 0.052500 0.052875
0 0.567648 0.498556 0.055547 0.091250
0 0.778430 0.655236 0.084578 0.071583
0 0.821996 0.559021 0.068773 0.055764
0 0.709703 0.551840 0.060687 0.062014
0 0.273969 0.490979 0.035828 0.043931
0 0.282090 0.403014 0.025555 0.027694
0 0.299305 0.420028 0.027469 0.023806
0 0.361488 0.413222 0.027742 0.025278
0 0.422902 0.561785 0.049508 0.070875
0 0.301055 0.652326 0.051656 0.097569
