0 0.453391 0.520319 0.044547 0.059917
0 0.248879 0.398181 0.024836 0.021528
0 0.211570 0.397347 0.025391 0.030694
0 0.172977 0.395882 0.014578 0.016042
0 0.184621 0.387437 0.018367 0.021208
0 0.585039 0.523118 0.049297 0.045514
0 0.453828 0.589417 0.057500 0.074778
0 0.274117 0.601417 0.043484 0.078556
0 0.406406 0.435979 0.031000 0.031903
0 0.373164 0.440708 0.031953 0.028611
0 0.345711 0.491854 0.043000 0.055347
0 0.263945 0.487097 0.038984 0.050139
0 0.258727 0.553153 0.040625 0.058333
0 0.386320 0.626479 0.060344 0.094069
0 0.528711 0.726479 0.068359 0.103097
0 0.718422 0.602028 0.064609 0.076222
0 0.846965 0.562396 0.067992 0.079153
0 0.776891 0.561993 0.082000 0.095264
0 0.482750 0.459958 0.040453 0.051111
0 0.306184 0.413299 0.020102 0.019597
0 0.432168 0.937278 0.136430 0.125444
0 0.814348 0.925944 0.149414 0.148111
0 0.613719 0.476444 0.036594 0.034639
0 0.575605 0.480167 0.052039 0.051056
0 0.482926 0.471910 0.041492 0.029542
0 0.774449 0.423528 0.049117 0.049139
